{
    "depot": {
        "id": 0,
        "name": "Slakteri",
        "x": 75,
        "y": 19,
        "time_window": [0, 480]
    },
    "locations": [
        {"id": 1, "x": 54, "y": 81, "demand": 28, "service_time": 43, "time_window": [80, 126]},
        {"id": 2, "x": 11, "y": 14, "demand": 39, "service_time": 54, "time_window": [19, 271]},
        {"id": 3, "x": 70, "y": 93, "demand": 85, "service_time": 100, "time_window": [94, 207]},
        {"id": 4, "x": 16, "y": 8, "demand": 44, "service_time": 59, "time_window": [62, 435]},
        {"id": 5, "x": 17, "y": 10, "demand": 26, "service_time": 41, "time_window": [32, 275]},
        {"id": 6, "x": 87, "y": 42, "demand": 15, "service_time": 30, "time_window": [21, 178]},
        {"id": 7, "x": 96, "y": 87, "demand": 75, "service_time": 90, "time_window": [83, 423]}
    ],
    "capacity": 180,
    "distance_matrix": [
        [0.0, 65.46, 64.19, 74.17, 60.02, 58.69, 25.94, 71.17],
        [65.46, 0.0, 79.61, 20.0, 82.3, 80.06, 51.09, 42.43],
        [64.19, 79.61, 0.0, 98.6, 7.81, 7.21, 80.99, 112.04],
        [74.17, 20.0, 98.6, 0.0, 100.7, 98.48, 53.76, 26.68],
        [60.02, 82.3, 7.81, 100.7, 0.0, 2.24, 78.72, 112.43],
        [58.69, 80.06, 7.21, 98.48, 2.24, 0.0, 76.97, 110.32],
        [25.94, 51.09, 80.99, 53.76, 78.72, 76.97, 0.0, 45.89],
        [71.17, 42.43, 112.04, 26.68, 112.43, 110.32, 45.89, 0.0]
    ],
    "time_matrix": [
        [0, 65, 64, 74, 60, 58, 25, 71],
        [65, 0, 79, 20, 82, 80, 51, 42],
        [64, 79, 0, 98, 7, 7, 80, 112],
        [74, 20, 98, 0, 100, 98, 54, 27],
        [60, 82, 7, 100, 0, 2, 79, 112],
        [58, 80, 7, 98, 2, 0, 77, 110],
        [25, 51, 80, 54, 79, 77, 0, 46],
        [71, 42, 112, 27, 112, 110, 46, 0]
    ]
}
